Mac地址				18:20	19:00	19:30	20:00	09:00	09:40	10:40	11:30	13:30	14:00	15:00	16:00

00-2C4D-79-2B92CC	30.88	36.88	30.79	35.49	32.06	35.45	34.18	35.25	33.47	35.50	36.31	32.92
00-2C4D-79-2D3E7C	32.22	35.64	31.54	35.44	32.45	30.15	29.74	33.28	31.94	31.50	33.18	35.79
00-2C4D-79-2B93F8	33.89	35.36	31.52	34.45	30.24	35.36	30.60	30.61	33.75	36.21	36.22	33.21
00-2C4D-79-2D2E09	32.54	31.65	31.53	32.60	34.72	34.93	30.78	31.50	35.72	35.24	32.80	33.11
00-2C4D-79-280698	33.38	32.90	32.49	31.64	30.30	34.36	31.35	35.26	31.52	35.60	35.86	36.61
00-2C4D-79-2B92CF	31.40	35.51	31.36	31.25	35.18	30.98	30.34	30.55	31.38	36.47	31.84	37.50
00-2C4D-79-2D389B	28.53	33.90	35.36	31.21	31.14	30.87	30.95	30.88	30.91	35.97	31.15	33.52
00-2C4D-79-27FFEE	30.85	31.18	退出
00-2C4D-79-280B61	26.15	34.32	31.39	32.64	31.78	32.84	31.27	35.59	34.43	32.53	33.13	33.80
00-2C4D-79-2E24BA	30.40	32.25	31.35	30.66	29.35	31.14	31.32	34.06	31.22	连不上